1;-1;-1;-1;-1;-1;-1;-1;-1;-1;-1;-1;-1;2;-1;-1;-1;-1;-1;-1;-1;-1;-1;-1;-1;-1;-1;3;-1;-1;-1;-1;-1;4;4;4;4;4;4;4;4;4;4;4;4;4;4;4;4;4;4;4;4;4;4;4;4;4;4;-1;-1;-1;-1;-1;-1;5;5;5;5;5;5;5;5;5;5;5;5;5;5;5;5;5;5;5;5;5;5;5;5;5;5;-1;6;-1;-1;-1;
1;-1;-1;-1;-1;-1;-1;-1;-1;-1;-1;-1;-1;-1;-1;-1;-1;-1;-1;-1;-1;-1;-1;-1;-1;-1;-1;-1;-1;-1;-1;-1;-1;-1;-1;-1;-1;-1;-1;-1;-1;-1;-1;-1;-1;-1;-1;-1;-1;-1;-1;-1;-1;-1;-1;-1;-1;-1;-1;-1;-1;-1;-1;-1;-1;-1;-1;-1;-1;-1;-1;-1;-1;-1;-1;-1;-1;-1;-1;-1;-1;-1;-1;-1;-1;-1;-1;-1;-1;-1;-1;-1;-1;-1;-1;-700;
-1;-1;-1;-1;-1;-1;-1;-1;-1;-1;-1;-1;-1;-1;-1;-1;-1;-1;-1;-1;-1;-1;-1;-1;-1;-1;-1;-1;-1;-1;7;-1;-1;-1;-1;-1;-1;-1;-1;-1;-1;-1;-1;-1;-1;-1;-1;-1;-1;-1;-1;-1;-1;-1;-1;-1;-1;-1;-1;-1;-1;-1;-1;-1;-1;-1;-1;-1;-1;-1;-1;-1;-1;-1;-1;-1;-1;-1;-1;-1;-1;-1;-1;-1;-1;-1;-1;-1;-1;-1;-1;-1;-1;-1;-1;-1;
-1;-1;-1;-1;-1;-1;-1;-1;-1;-1;-1;-1;-1;-1;-1;-1;-1;-1;-1;-1;-1;-1;-1;-1;-1;-1;-1;-1;-1;-1;-1;-1;-1;-1;-1;-1;-1;-1;-1;-1;-1;-1;-1;-1;-1;-1;-1;-1;-1;-1;-1;-1;-1;-1;-1;-1;-1;-1;-1;-1;-1;-1;-1;-1;-1;-1;-1;-1;-1;-1;-1;-1;-1;-1;-1;-1;-1;-1;-1;-1;-1;-1;-1;-1;-1;-1;-1;-1;-1;-1;-1;-1;-1;-1;-1;10;
-1;-1;-1;-1;-1;-1;-1;-1;-1;-1;-1;-1;-1;-1;-1;-1;8;8;8;8;8;8;8;8;8;8;-1;-1;-1;-1;-1;-1;-1;9;9;9;9;9;9;9;9;9;9;9;9;9;9;9;9;9;9;9;9;9;9;9;9;9;9;-1;-1;-1;-1;10;-1;11;11;11;11;11;11;11;11;11;11;11;11;11;11;11;11;11;11;11;11;11;11;11;11;11;11;-1;-1;-1;-1;30;
-1;-1;-1;-1;-1;-1;-1;-1;-1;-1;-1;-1;-1;-1;-1;-1;8;8;8;8;8;8;8;8;8;8;-1;-1;-1;-1;-1;-1;-1;9;9;9;9;9;9;9;9;9;9;9;9;9;9;9;9;9;9;9;9;9;9;9;9;9;9;-1;-1;-1;-1;10;-1;11;11;11;11;11;11;11;11;11;11;11;11;11;11;11;11;11;11;11;11;11;11;11;11;11;11;-1;-1;-1;-1;30;
-1;-1;-1;-1;-1;-1;-1;-1;-1;-1;-1;-1;-1;-1;-1;-1;-1;-1;-1;-1;-1;-1;-1;-1;-1;-1;-1;-1;-1;-1;-1;-1;-1;-1;-1;-1;-1;-1;-1;-1;-1;-1;-1;-1;-1;-1;-1;-1;-1;-1;-1;-1;-1;-1;-1;-1;-1;-1;-1;-1;-1;-1;-1;-1;-1;-1;-1;-1;-1;-1;-1;-1;-1;-1;-1;-1;-1;-1;-1;-1;-1;-1;-1;-1;-1;-1;-1;-1;-1;-1;-1;-1;-1;-1;-1;40;
-1;-1;-1;-1;-1;-1;-1;-1;-1;-1;-1;-1;-1;-1;-1;-1;-1;-1;-1;-1;-1;-1;-1;-1;-1;-1;-1;-1;-1;-1;-1;-1;-1;-1;-1;-1;-1;-1;-1;-1;-1;-1;-1;-1;-1;-1;-1;-1;-1;-1;-1;-1;-1;-1;-1;-1;-1;-1;-1;-1;-1;-1;-1;-1;-1;-1;-1;-1;-1;-1;-1;-1;-1;-1;-1;-1;-1;-1;-1;-1;-1;-1;-1;-1;-1;-1;-1;-1;-1;-1;-1;-1;-1;-1;-1;20;
-1;-1;-1;-1;-1;-1;-1;-1;-1;-1;-1;-1;-1;-1;-1;-1;8;8;8;8;8;8;8;8;8;8;-1;-1;-1;-1;-1;-1;-1;9;9;9;9;9;9;9;9;9;9;9;9;9;9;9;9;9;9;9;9;9;9;9;9;9;9;-1;-1;-1;-1;10;-1;11;11;11;11;11;11;11;11;11;11;11;11;11;11;11;11;11;11;11;11;11;11;11;11;11;11;-1;-1;-1;-1;30;
-1;-1;-1;-1;-1;-1;-1;-1;-1;-1;-1;-1;-1;-1;-1;-1;8;8;8;8;8;8;8;8;8;8;-1;-1;-1;-1;-1;-1;-1;9;9;9;9;9;9;9;9;9;9;9;9;9;9;9;9;9;9;9;9;9;9;9;9;9;9;-1;-1;-1;-1;10;-1;11;11;11;11;11;11;11;11;11;11;11;11;11;11;11;11;11;11;11;11;11;11;11;11;11;11;-1;-1;-1;-1;30;
-1;-1;-1;-1;-1;-1;-1;-1;-1;-1;-1;-1;-1;-1;-1;-1;8;8;8;8;8;8;8;8;8;8;-1;-1;-1;-1;-1;-1;-1;9;9;9;9;9;9;9;9;9;9;9;9;9;9;9;9;9;9;9;9;9;9;9;9;9;9;-1;-1;-1;-1;10;-1;11;11;11;11;11;11;11;11;11;11;11;11;11;11;11;11;11;11;11;11;11;11;11;11;11;11;-1;-1;-1;-1;30;
-1;-1;-1;-1;-1;-1;-1;-1;-1;-1;-1;-1;-1;-1;-1;-1;8;8;8;8;8;8;8;8;8;8;-1;-1;-1;-1;-1;-1;-1;9;9;9;9;9;9;9;9;9;9;9;9;9;9;9;9;9;9;9;9;9;9;9;9;9;9;-1;-1;-1;-1;10;-1;11;11;11;11;11;11;11;11;11;11;11;11;11;11;11;11;11;11;11;11;11;11;11;11;11;11;-1;-1;-1;-1;30;
